0 0.142969 0.485274 0.075000 0.914324
0 0.208594 0.489290 0.056250 0.922356
0 0.062891 0.493976 0.085156 0.859438
0 0.309375 0.453146 0.100000 0.748327
0 0.405469 0.206158 0.046875 0.356091
0 0.448047 0.484605 0.061719 0.781794
0 0.533984 0.370817 0.074219 0.524766
0 0.582422 0.510040 0.066406 0.883534
0 0.625000 0.159973 0.040625 0.178046
0 0.661719 0.475234 0.062500 0.896921
0 0.715625 0.139224 0.064063 0.184739
0 0.769141 0.378849 0.085156 0.631861
0 0.850000 0.257697 0.054688 0.333333
0 0.913672 0.479920 0.088281 0.686747